-1.002108831345466022e+01
4.725991147893834565e+00
-8.421999490428113688e+00
-1.229907481692040072e+01
1.847873124018184265e+00
2.588052754475014261e+00
-8.922689755882796669e-01
-6.788958976503001175e+00
7.982365536024136787e+00
1.342662916424588460e+00
-6.749985050051894309e-01
-9.859200493429632672e+00
7.735286091929908459e+00
5.507317553379764696e+00
-1.441848266219191377e+00
4.511156008785109250e+00
8.663119885584007474e-01
2.105895833747777779e+00
9.383973647190558154e+00
6.192368892934206670e+00
3.230426145203035143e-02
1.755253211393807522e+00
-9.315204089835653178e+00
9.533404358256206024e+00
1.122148164456048924e+00
-5.456376999788196125e-01
-5.699619390883173153e+00
-8.779751201171578145e+00
3.284026239341545361e-01
-8.175233277378614716e+00
-1.208459713356429432e+00
-5.337167113442679245e+00
-3.809053751492691431e-01
-1.089071632766080100e+00
-4.896276933486765515e+00
-6.135931352520442417e+00
-7.440906308833035165e-01
-2.246862032384551622e+00
1.545953732604269160e+00
-2.563882311942039749e+00
1.299741273833295852e+00
1.174149899890124527e+00
4.253957879267362685e+00
4.223199002235261013e+00
-3.603260309786229243e+00
-4.387009880973478104e-01
-1.625413047822046764e+00
9.732889622760552584e+00
3.651784432676607461e-01
2.940552020283878631e-01
1.657026467909878509e+00
-2.219894008283638698e+00
1.282293850183768624e+00
7.476752014282369352e+00
-9.767824330381349451e-01
-3.538606677900566932e+00
5.902040853509701535e+00
-2.584948518124751890e-02
-4.807064809165463082e+00
-7.206498664843675961e+00
2.558788735041196638e+00
-7.209609518253796701e+00
-4.051751977550865469e+00
-2.006153448812734830e+00
-6.062352640287880234e+00
-2.420262962041068722e+00
-3.786460893961137053e+00
-2.815697445509407260e+00
4.410529307001182175e+00
-5.111213705453360845e+00
5.612495396619689103e+00
3.074501072543073921e+00
-7.002026455595449228e-01
-6.951340526198260150e+00
3.212221622543495192e-01
-2.197340494234637731e+00
5.497336892419761867e+00
-2.000572797841263295e+00
2.195776743767198447e+00
5.256835851886091149e+00
-2.144465065155991557e+00
4.772302802074948613e-01
6.680659547770583018e+00
2.650194325888546309e+00
3.093606695552268970e+00
-1.244864326307034252e+00
7.699248621234042744e+00
4.434071567803488989e+00
-8.506801636477652195e+00
4.997197351849589353e+00
5.736761877614431349e+00
4.957323684119868012e+00
-7.609471600060865093e+00
8.736936936913179963e-01
2.870325984483264925e+00
1.238879365138418009e+00
-9.879613271461245461e+00
8.490587269562816175e+00
-7.951858518865266845e+00
-9.286141258004880328e+00
3.261361209995079502e+00
8.561204059029680735e+00
4.826830067599229501e+00
1.466829934388002243e+00
-3.685895958233393888e+00
7.058906698386449463e+00
1.928768965883369546e+00
-3.818797715013888983e+00
7.259385448239822125e+00
1.661215527055981633e+00
1.212806647849880903e+00
-7.640717628096307834e+00
2.549717356571459703e+00
-8.297058927828436126e+00
1.172640712173502076e+00
8.861425652537666675e-01
-5.379028698879297465e+00
-5.087329430046806600e+00
1.446933056778661353e+00
-1.789659736176972515e+01
-1.004283398857681309e-01
6.388359282209576939e+00
-5.876505562653354886e+00
5.130264087788245497e+00
-1.763659454922277492e+00
-2.343907083247755985e+00
-1.252895783854438605e+01
2.176218079184528253e+00
-1.424746952482148110e+00
-6.641351109489845861e+00
6.408973900004866220e-01
2.501874728529563274e+00
6.839458159149621963e+00
-8.882750852376247508e+00
-1.559967201429019124e+00
-3.994794483142474650e+00
2.203274896744526146e+00
-9.992292229538644044e-01
7.169762987093722728e+00
-4.388777752263932186e+00
-7.008181787939506968e+00
5.610096664674658617e-01
1.331908959006253612e+00
1.751436591707665746e+00
-8.645443754721103602e+00
-2.823219838619640321e+00
4.055595366237067623e+00
-2.809063369767950569e+00
1.389510396988884233e+00
3.781972972938383748e+00
8.218499937231023011e+00
3.406126268250361910e+00
6.951973126244411993e+00
-1.236987795442552107e+00
3.213229789169866901e+00
-2.644010402868333109e+00
9.431955856052052667e+00
-7.439272267988478404e+00
8.880699326248575609e-01
1.858581378375477877e+00
-2.710551135156155755e+00
3.547036534320823775e-01
-4.213977031318223432e+00
-8.042951926948141761e+00
-7.691255480968579583e+00
4.042882552030360621e+00
5.284453877977930425e+00
-7.135183556483672973e+00
-3.178554114316819224e+00
-2.236222051112064069e+00
-7.338861539738472661e-01
3.094434185597403797e+00
1.156959883901469643e+00
-5.198635951251522336e+00
-2.272239451452730652e+00
2.109792932877923022e-01
6.271421273593979606e+00
-2.376126255280603505e+00
-5.576213702108389070e-01
-5.881707080847697194e-02
-8.552566250162689343e+00
1.030681489149488783e+01
-1.730057870127031938e+00
-5.027416177204189651e+00
4.339352089089143050e+00
2.229540679640056311e+00
-1.540174433218061689e-01
-2.487179908224893765e+00
1.676408571139217374e+00
3.325749999956814751e+00
-2.082710636412862026e+00
3.949411101105941402e+00
-2.546258172804286346e+00
3.817146588802056151e+00
-1.962292361161986021e+00
-2.792060364957377416e+00
1.027448070884215348e+01
-5.003494851436681934e+00
3.684867132938045575e+00
-1.201289215022138990e+01
4.025564487332534469e+00
1.115517475456812679e+00
-1.293654890048928419e+00
6.867318793060589677e+00
2.318494979576449122e+00
-5.741766170249198442e-01
-3.031172589427072239e+00
-8.438501763852222837e+00
1.543510522181478439e+00
-7.345014938544235789e-03
5.905328322849557665e+00
-1.966425362597927329e+00
6.385216649950015366e+00
-3.566871992201020802e+00
5.189195036624507651e+00
7.023632828364705816e+00
-7.254085444267376559e+00
-3.155294546249261423e+00
-1.250195729239181119e+01
-1.112230055745731860e+01
6.046809233598768429e+00
-5.954139352695129617e+00
-5.134857204179676060e+00
6.209074639783067617e+00
-3.498080167594778800e+00
6.056105861136594548e+00
1.039230449157043168e+01
-5.114686777408960161e+00
1.076270062934248273e+01
1.056821144610275987e+01
-7.573278151277063053e+00
1.783668405937272050e+00
6.983190807303758518e+00
-2.042814242172511285e+00
-1.413867837016812778e+01
-8.093512490573679941e+00
4.457113874386783081e+00
3.950582522145063447e+00
-9.977153401821070577e-01
6.594811837915920627e+00
-3.025657005664839971e+00
-7.293327336348895074e+00
-1.116158751621161471e+01
-1.611551315697147935e+00
4.593019656621815550e+00
8.646867046787041211e-01
8.031426240443902742e+00
3.771263955750412400e+00
2.402013930522131968e+00
9.200030989893342337e+00
-1.388875894279778933e+01
-4.277054309662822185e+00
2.514621402166286490e+00
2.946076257645186547e-01
2.970582865040650944e+00
-2.967102465317782434e-01
4.633987976930614039e+00
9.285687084916184331e-01
1.030855818598055862e+01
-4.951901692580126024e+00
1.449330328612161711e+00
-4.499599770558439182e+00
1.762367909309277003e+00
-6.770393860775593353e+00
-2.697919969099177973e+00
-8.228524227106969846e+00
3.698353787681949445e+00
1.997120370958916258e+00
1.123390090604579683e+01
3.669098152073415608e+00
8.105592914355257861e+00
7.000396387409951737e-01
-4.777410056326548471e+00
1.957531850220047165e+00
-3.812056499556546907e+00
3.520872125084377746e+00
-1.175114980596973835e+00
3.632083907793125732e+00
-4.925447553064795869e+00
-2.316453029751799619e-01
1.812792842327608511e+00
-1.711320479738471345e+00
-4.993945397251287943e+00
4.969621681225013798e-01
2.808298406468737518e+00
1.230482058455162897e-01
4.088375692628700264e+00
5.670230792568063727e+00
-6.734097623229646778e+00
-3.337895421067090140e+00
2.542718183614421645e-02
-1.112100754161002625e+00
-4.083235229195077309e+00
2.251123370698679071e+00
6.681808396104593761e+00
-7.060958062350456643e+00
-3.325778020017288839e+00
-1.362516647738369002e+00
-3.921233314865540720e+00
-1.860103431879962299e+00
-2.527181006722775791e+00
7.784321339949167751e+00
-4.240156450866679805e+00
-1.774819085338712021e+00
-1.428879271821316133e+00
2.139017964444952291e+00
-1.220749068133365256e+00
-7.582342061918677878e+00
-5.362544399701135944e+00
-2.141607042844240194e+00
-2.082762053501992394e+00
-8.509745367474891964e+00
1.704876753559723346e+00
-2.960294356592622744e+00
8.242938106934316611e-01
-3.244003284521880026e+00
6.452336792833612833e+00
2.007108527514243512e+00
-9.844550511224874068e-02
-7.800669856613323461e+00
2.250148303784210047e+00
9.734350797717162607e+00
5.128897001582836346e+00
-4.058462731600346096e+00
-3.569240554425742840e+00
-5.021000686274279090e+00
9.534344759456059748e+00
-1.150013017730406040e-01
-5.501700734489300970e+00
1.425097133136682404e+00
1.749007640600913849e+00
-2.856183022492054135e+00
-4.891214018224570026e-01
6.659261376335602556e+00
-5.034171670407784127e+00
-1.050557597170422497e+01
-3.947127045889790686e+00
8.334869987627085308e+00
-6.287450969106760823e+00
-9.985839620897788649e+00
4.050926505685330942e-02
8.508892121635845740e+00
-6.357912708241279631e+00
3.784880673771169768e+00
-4.549340147837007464e+00
-3.952879891643733323e+00
1.218779368636740967e+00
9.843812336790689344e-01
-3.102204932419213357e+00
-9.278263285461571641e+00
-9.509760329738279339e-01
4.321656334007847100e+00
-5.696455540755978042e+00
2.029397662659522261e+00
-4.412295895161152615e+00
8.162105876305224550e-01
-5.188375966391228999e+00
1.712419313764733442e+00
-1.661171048469147538e+00
-8.493987243097638640e+00
-3.335179049396140627e+00
6.972015333966011141e+00
-7.336778501797266649e+00
-4.825586844501875028e+00
7.607550167581230482e+00
1.880022275806508825e+00
-6.678982783833651293e-01
-7.535639222289991501e-01
3.126248372221572147e+00
5.174909781177331247e+00
3.711108793475662360e+00
7.531395185665981096e+00
2.669717310502055962e+00
-3.671835014178875145e+00
1.318968131369579311e+01
-1.861406123377596256e+00
3.556920172276894387e+00
-7.951979990505357865e-01
-2.147059298613120948e+00
-2.464900258977285041e+00
3.138108934177855858e+00
-5.515160005188314507e+00
-3.568849868722953622e-01
4.283075725751143814e+00
-9.573753900222502722e+00
-4.684618763878151348e+00
1.934302808202230439e+00
4.504721035439803067e+00
5.064204270114710305e+00
4.974006728102081887e+00
5.970123255998807110e-01
-1.970521735005663633e+00
-1.927598497287655865e+00
-1.002579231082157518e+00
-2.340920154307894574e+00
6.232504452358266889e+00
-3.298053502101699230e+00
6.829624223092438662e+00
7.640751844695657269e+00
4.065796602634939916e+00
-4.101440937531054765e+00
-5.638914164405515184e-01
-2.210550065001628983e+00
2.363281539061010239e+00
-7.403492471095445282e+00
1.416910641051258579e-01
1.611406186590838896e+00
9.639310294550716307e+00
-4.428802089736732839e+00
3.014122243400434442e-01
-7.376668500516100124e+00
1.161692988030593199e+01
5.677394355908750079e+00
-4.164200786921075981e+00
6.135184888141341553e+00
4.312659103927146020e+00
8.212019012187578682e+00
2.322796075978099672e+00
-4.135693761685891978e+00
2.862662052931897350e+00
-6.582599144287321069e-01
4.348268504639841048e+00
-4.708061275750204722e+00
5.937699637680586839e-01
-5.144410458288697224e-02
-2.352590908643163559e+00
3.446238847760238144e+00
3.332742549271308974e+00
1.202199733288453337e-01
-1.844251828391387793e+00
2.650953253380384123e+00
1.432440216604782268e+00
6.467270096253087130e-01
-2.409145167746978566e-01
-4.765584906620841998e+00
-2.617605532637888643e+00
-2.128516780602137531e-02
-1.148626383080785907e+01
-4.818655337787128623e+00
-5.992963710441642000e+00
-3.207511095021930991e+00
1.866104241866880509e+00
-3.367678008165432946e+00
-4.662315225296509991e-01
1.039909440848213240e+00
5.915092759934925226e+00
-5.500149268898846699e+00
3.979372466798340113e+00
1.252551211578291745e+00
1.322057628789655226e+01
-1.007494198707419297e+00
-5.402385581567024531e+00
6.522151881665905648e+00
-9.428256034786855366e+00
4.664686181550464994e+00
-3.995079695375202800e+00
3.575153761920149442e+00
9.561509465037076438e+00
3.825738015475179665e+00
-2.342417076684910171e+00
-3.814069690826186410e+00
2.137588682664889994e+00
-5.515012061948453947e+00
-5.825057869588414761e+00
1.864834058168718167e+00
6.765030407377979671e+00
1.131995624030527736e+01
6.943017997514004058e+00
-7.354563305160501052e+00
-7.511731358880667564e+00
5.049919560256124207e+00
-1.349170768086628502e+00
4.400489483231085908e-01
4.977371574468112847e+00
1.636387838346357704e+00
-1.007855261404959846e+00
-4.845193357333922535e+00
4.345094396332232378e+00
8.784778485827960282e+00
-7.334314493581103100e+00
1.515582533916284058e+00
7.859582915718560159e+00
-9.846376918523095156e+00
1.813448691616905473e+00
5.455069001067812451e+00
-2.731480265963422305e+00
3.456905796557271593e+00
1.068276491120268679e+00
4.493269195114767633e+00
-3.674029157247764577e+00
-6.409490695239314029e+00
-8.897691107442300407e+00
-1.446534239338479910e+00
1.001307591287449394e+00
-8.662813461189323050e+00
-1.267378427640698524e+00
8.580380026183631159e+00
2.705664447183010468e-01
-2.018185930210386392e+00
2.991983636930518609e-01
1.213717268096515589e+00
-5.339001039891407174e+00
-8.490099624555716318e+00
-9.224623475790089122e-02
-5.038615829236982258e+00
8.644840753812097489e+00
-3.767706635612539934e-01
4.049422029989868221e+00
2.427210052056295808e+00
-3.357532717000822897e-01
-3.475236776661102311e+00
3.906940747109008960e+00
-5.375868097198693851e-01
-5.763791302233994607e+00
-1.026724195190774402e+01
4.543495793090051471e+00
1.449777495636478442e+01
5.039842181713350300e+00
-4.773083278140818564e+00
4.265674015443139844e+00
-7.823958125369706806e+00
-2.627160329196408739e+00
-9.615952599254262267e+00
1.142436029887309079e+00
-6.021971010423542658e+00
-4.551826654417389761e+00
7.748785021069519274e+00
-8.506582373743286851e+00
-2.998467235806660525e-01
-3.502993014214696554e+00
7.736891418045706459e+00
8.062947096868676056e+00
-2.397581284676703728e+00
-2.632000281701413869e+00
-5.344091815073497287e+00
-1.524312991873539413e+00
-1.397397201246888473e-02
4.468186576710054148e+00
1.120978792959673953e+01
-2.791147632358771391e-01
-3.822701808982775784e+00
-3.967224074776178444e+00
-1.169196701861641374e+00
-2.090442482279178726e+00
9.365102377695844194e-01
1.436617576354669856e-01
6.464224153942696560e+00
-2.708656575850581394e+00
2.894596669249754228e+00
4.325098341590686069e+00
-7.499743362145656622e-01
-1.311829016478569532e+00
3.652126547627395636e-01
4.580433309978980683e-01
3.363699782920822834e+00
-3.238856054866761980e+00
1.727003092079404112e-01
-7.248004568516852597e-01
-8.694034062339273561e+00
6.530211689429918032e+00
3.127857365358117647e+00
4.106646433036623911e+00
-2.602756781589652402e+00
1.207723607418539347e+00
2.228516960734473695e+00
3.665533081631031642e+00
-2.655337139270385727e+00
3.659854895685752396e-01
7.560102727784078880e+00
5.355063827430203816e+00
3.348838693905916486e+00
-1.732316081002599484e+00
3.278184613244343737e+00
1.205471945546333634e+00
-3.394915094987433157e+00
7.935567714854889765e+00
-6.784762222897800399e+00
-2.214449481141357978e+00
-4.881209291491631075e-01
-2.473278778731700545e+00
6.049971537317450299e+00
-3.911946100509229307e+00
2.360987189316280599e+00
-3.197013272081858926e+00
-1.129562475787793785e+00
5.875655194520935432e+00
3.804101348669831850e+00
7.009793549247614663e+00
-6.248204671031277968e+00
-2.955204039868976729e+00
-7.614983321812084149e+00
-4.892630410366746396e+00
1.900531039536944022e-01
-1.553986462213136965e+00
-2.129538701807332401e+00
-9.593408088983363058e+00
-3.731255449749082409e+00
-4.979522953748380942e-01
-2.191047608210205055e+00
-8.665738417771791546e+00
6.304485756653881445e+00
-5.181649529811230614e+00
1.331912449169705637e+00
5.591445775539356511e+00
-2.136334180886472645e+00
3.438229986956820916e+00
-3.619382406562648313e+00
2.453088960334858015e+00
-6.947319702244021400e+00
-3.118237334929282234e+00
1.111710998953295615e+00
-8.012082778937564598e+00
-1.148860613673899245e+00
-2.931945376084103216e+00
-6.876743869016354260e+00
6.112343695451044390e+00
1.946896964527582652e+00
-7.897564732017272604e+00
-4.293653944811409495e+00
-5.016499289658754357e+00
5.404539731968247551e+00
3.908199840897641497e-01
-7.752737535508931188e+00
-4.756132371472407527e+00
1.038476132689733156e+00
-9.633457047729250267e-01
5.563077777318207850e+00
1.002012534554890522e+01
1.168571791920199665e+01
2.366575357687437986e+00
5.066355081411875183e+00
2.101477980161593262e+00
3.490909581153465169e-01
3.857370820532615152e-01
3.098279775111252299e+00
-3.491490042614717293e+00
5.217106843820598527e+00
5.046172547851068835e-01
5.163757632225557614e+00
-1.263065210467068988e+00
-2.830469841615232962e+00
8.390339553835217679e-01
-1.705591032725759071e+00
-6.865618117306115931e-01
5.895812430140590088e+00
-7.798861863904412495e+00
1.243029036348437311e+00
3.954100698842451855e+00
6.365954737030219412e+00
7.114119693230229746e-01
1.994438252782771093e+00
2.478042225367109275e+00
-4.607704299249491875e+00
6.045964026799302005e+00
1.475730418142617850e-01
-1.049498641696036128e+00
6.962395656182125414e-01
7.990597767780661442e+00
-1.406826668538745828e+00
3.616771121966134928e+00
-4.451837837799698328e+00
7.688247414603858410e+00
7.802322956068719506e+00
-4.373327238988725663e-01
-2.025943049827175546e+00
-2.963145661872141012e+00
-6.060643470732915983e-01
-8.115605453302422445e-01
-3.926091183960736530e-01
2.555312553003136422e+00
-1.348070604608586354e-01
1.212601207319315311e+00
-1.626269714419819934e+00
5.367904348429721750e+00
-1.317380760309663446e+00
4.656988899471809162e+00
6.712526672970988706e-01
-5.337575188108836244e+00
1.274645596766209366e+00
-6.255241279379855079e+00
1.176003892735776990e+00
5.443216302691845421e+00
-2.699649487880868115e+00
-9.799537043340578180e-01
4.731670511555964076e+00
-2.501268671885679584e+00
-1.181598902299226123e-01
-6.628935185392110796e-01
1.226979013363335813e+00
-4.410880181105172326e+00
9.313420578893239821e+00
7.621035059184532168e-01
4.955443783296117566e+00
1.159743088195130944e+01
-4.221250645754444086e+00
-1.584278575135606770e+00
3.345498366815528701e+00
2.193248281369354125e+00
-9.197914596006675936e+00
5.161014557525074764e+00
4.646295935058954107e+00
1.962006710309869284e+00
1.963656367100390820e+00
1.650741110581982252e+00
-1.956524629064004817e+00
-2.278486944324699781e+00
1.064352764464127254e+01
-3.705123192436148294e+00
-1.220390077484171165e+00
-1.793981176695437796e+01
-9.795743509791442705e+00
2.430403548439201256e+00
-7.125348861242914111e+00
-5.329251383001842868e+00
-2.720527114102187838e+00
8.006395716053765765e-01
1.439514626661142715e+00
-1.858679483400186294e+00
1.343615825883750725e+00
-3.590309689273736282e+00
4.428717667596525409e+00
-2.798396243579801990e+00
1.640931098149621459e+00
-1.464629713567956681e+00
-1.887152807567800128e+00
2.961915372707967897e+00
7.986124247175049540e+00
2.841173246746204306e+00
-1.303340527102708979e+00
-7.157694053501471032e+00
6.088889914053536856e+00
7.697480876378891279e-02
-2.014809974371722046e+00
-1.739562557324282999e+00
1.322305661885114780e+00
3.198262876971498248e-01
2.189445190119024609e+00
1.043581819565279289e+00
-3.547773806580655886e+00
5.696882418025515094e+00
-5.174680919287300895e+00
-5.938908606137800916e+00
9.368497888940727769e-01
9.382360714384502254e-01
-5.842285431344574675e+00
-5.059708558166122749e+00
-3.467289641681659429e+00
-4.257657482953514538e+00
3.133481367817013030e+00
9.709290041387990122e-01
-5.571739262206332199e+00
-5.248895961892008355e-01
6.511375288722959453e+00
-8.651336687340579701e+00
-1.204501743863542140e+00
-3.391083248841227249e+00
-6.294335875855025186e+00
2.798220896341529484e-01
-3.884961008160283225e+00
-7.297628024838703098e+00
-1.121324664300823670e+01
-2.194287448027893106e+00
3.867445888461357728e-01
2.583392777995741074e+00
1.330673029559854004e-01
1.332107138069685837e+00
6.617711896530041216e+00
-6.454422103682587952e+00
3.704672968883060857e+00
-2.959341927818596840e+00
1.869771720613014887e+00
-2.391953326142845171e+00
1.402506282082509603e+00
-2.884422891950784162e+00
7.527772923120309656e+00
-2.195139825458645610e+00
-9.091330587229265348e+00
5.250200011625657304e+00
-1.522584754668323326e+00
5.373594141467663121e+00
-2.061703071849411817e+00
-2.817931548571624312e+00
-3.550313903729173659e-01
-5.662675523928857757e+00
1.821566015264371119e+00
4.754136033427292851e+00
-9.328100500728300215e-01
1.362586014866791650e+00
7.721928010933859277e+00
2.005509904689977585e+00
1.297739483775767200e-01
4.712504828263278100e-01
-6.803760521987428866e+00
2.118866917602587885e-01
8.706228291526720398e+00
4.600827806613361770e-01
2.829277219021814282e+00
-3.387459719799502444e+00
-6.783411797597553416e+00
-3.610618762817525695e+00
3.708445922855846177e+00
-1.143494441928271987e+00
-1.000958742722668271e+00
-6.118070765065139582e+00
-1.536513352200082494e+01
-1.763027950309896674e+00
-5.804570064356514431e-02
4.831408983630271159e+00
-2.183899293691053956e+00
-3.460429645863596804e+00
-5.215057030172508545e-01
4.719541084234782247e+00
3.047803449297746270e-01
-8.489013527775547407e-01
-9.354035152384444274e+00
-3.062387197712394205e+00
5.226953792278896671e+00
4.038546775006270018e+00
-5.620850898824493180e-01
1.635551430192583666e+01
1.251156286662040706e+00
-1.381692069326613925e+00
-2.417142265908413634e+00
1.428639358170377127e+00
-1.043043230965417623e+00
3.377824028102561549e+00
-5.303446598336267748e+00
3.031820953068378177e+00
1.691574168922965526e+00
-4.631435396660411818e+00
7.365222562732185452e+00
-1.421403114958071257e+00
2.404045962108850354e+00
-2.212324704172510259e+00
5.805624270274143406e+00
3.417694997899544673e-01
-5.304813248275946691e+00
5.097954505898291799e+00
1.781539560344120643e+00
-9.210243909295186882e+00
2.542300244353374428e+00
4.977238119302447750e+00
-8.190748734320777658e+00
-7.431294756650980382e+00
-9.157035098498388592e+00
2.454591720474972760e+00
-1.112463290587523579e+00
5.809660720129135925e+00
-5.552032623847170889e+00
2.416868052032770553e+00
-4.203997346160789128e+00
-3.758843748848881727e+00
3.308801107759269833e+00
7.994583387597461233e+00
-6.324206746172068350e+00
-5.412028135734635370e+00
8.983133524419846694e+00
-2.663446591384257545e+00
6.024027685559740775e+00
1.172164125649923117e+00
6.633821978381712725e+00
-3.410648388977219891e+00
5.510597341711914510e+00
-2.130986746731607262e+00
-2.767772998856305122e+00
6.621847684443356030e+00
1.000872093027287946e+01
1.030496031105586852e+00
-4.683918520017407161e+00
-3.670993601110548177e+00
4.124677630544749896e+00
3.838373122811126192e-01
-5.223773035554256872e+00
5.875393623795345022e+00
-1.457984870405334732e+01
3.153142866426141833e+00
6.951702984440949251e+00
-2.526124999230532797e+00
-2.620305876813678658e+00
-7.832277057298934864e+00
2.142610192860284979e+00
1.174470602084223048e+00
2.918712114779564160e-01
-3.062735197899865147e-01
-3.264760057043711416e+00
-2.614320420725904537e+00
-1.291060415495955915e+01
2.915512853837785023e+00
4.563766514869994850e+00
3.446072923173320923e+00
2.595813374053249634e-01
2.976035197053390036e+00
2.406158619665347498e+00
8.712377556410109136e+00
-9.160465678143896895e+00
-1.724788869320092566e+00
-4.526614435402296799e+00
-2.998668583958810085e-01
1.078501362145394715e+00
-4.855380708840189019e-01
6.192462602612087252e+00
-1.064028551398123801e+00
6.049851659982716928e-02
-6.537947092804574645e+00
3.411352195849382540e-01
3.257767458129504634e-01
-3.662336286794817930e+00
6.719494533779183598e+00
3.386538293452219683e+00
6.809174620913482912e+00
-2.411637487056815132e+00
-3.679380209193994666e+00
1.235808639982196411e+01
-7.487442304878256571e+00
-3.343972026794841956e-01
1.670271410157046610e+00
4.048772431272197103e+00
1.910416958528021958e+00
1.968120972530687185e+00
8.211307810479261393e-01
1.132348681970936299e+00
-8.637159671679011108e-01
2.456834015341466504e+00
-1.467153850115145097e+00
-5.486714293709113122e+00
5.187196614306500919e+00
1.119331292056942928e+00
4.142124787299068522e+00
-7.582809051577213744e+00
-3.570723958231080797e+00
-5.421190134763401725e-01
-6.045446425328726558e-01
8.222253656018892798e+00
1.247873289749819925e+00
1.702882199842267852e+00
-4.379174530361290785e+00
-8.142469421528534923e+00
1.053148541954341866e+01
-5.389759185974030586e+00
1.071285131918012290e+01
2.229407892701516847e+00
-6.226134791876298813e+00
-1.959066197516269980e+00
1.837814809685815787e+00
2.115076886348062679e+00
4.131642258127875778e+00
-5.464999560577448179e+00
3.154662716791091448e+00
3.012526677503951089e-01
-7.396231042605808881e+00
8.450802536618068350e-01
1.820479774320266975e+00
9.770349451895466331e+00
4.998889530996001973e+00
-1.704126198830286487e+00
3.967468670366273820e+00
3.554151871674072205e-01
5.051479390215234844e+00
-2.538124914908952423e+00
-2.342510442655710179e+00
-3.293387486400448871e+00
-1.495942080814699482e-01
-1.405554893509193493e+00
-5.402234360841914551e+00
-5.387699439048900807e+00
2.452847342791677043e+00
3.048674465108994980e+00
6.358348819305468247e-01
3.622951130022562971e+00
-8.813657207619924883e-01
2.062574659807697053e+00
1.001042578634815383e+00
2.447312348671477178e+00
2.306338811375286735e+00
-5.597414449668894676e+00
2.545228154065406034e+00
1.493463386801396675e+00
4.468175748373464984e+00
-3.371288257731998250e+00
5.260211947948855382e+00
7.044971945100167332e+00
1.426751846766595122e+01
4.414712884002887527e+00
-2.157123396823046768e+00
-8.551912026094251829e+00
-9.373389264393156006e-02
-5.200555403172578472e+00
7.113097512241534304e+00
-5.489000736587717810e+00
-8.177718163046236555e+00
1.189834583366511822e+01
9.552627667739443496e+00
2.174683504972963366e+00
2.577865094520632727e+00
-6.027817051492005085e+00
3.792204873386983977e-01
-7.245944201792518413e+00
-1.277224473444394937e+00
-1.066042642535517615e+00
9.286955034848336510e-01
