-6.480008457997151972e+00
-4.340705199048885632e+00
-1.350052556718561947e+00
-1.633930427847043010e+00
-2.362585217680427618e+00
1.815538801387345247e+00
-1.320233549243890192e-01
-5.483674863843415181e+00
3.894494047679076587e+00
-1.252451111521807725e+01
6.755772016967378946e+00
-5.860656466573606949e+00
1.557494586097823763e+00
-6.543779812093463377e+00
1.322230088673213233e+00
-3.922686558148095859e+00
1.551289223946555884e+00
-3.638732043550199080e+00
3.116122295265977726e+00
1.603092578645852972e+00
3.984703199732455126e+00
-3.870459705481087975e-01
-5.943196496920454486e+00
1.607183327558059371e+00
3.776985329790126134e+00
5.832836886778355989e+00
5.270465067293018890e+00
3.163405398844365113e+00
-3.870092460924075439e+00
-5.858517429433152124e+00
3.207725272522867765e-01
4.951628567898346489e+00
-1.098854417557290475e+01
-1.043001757077256642e+01
1.557991384403790391e+01
-5.461048704197599690e+00
-6.938675769989683939e-01
1.152512225135146195e+01
-4.165033436997099159e+00
3.394073344359922473e+00
-2.073658970788637035e+00
-7.991900610915770642e+00
2.172559053413802399e+00
-5.121948450811935061e+00
-1.150264507053696761e+00
1.646890961535210529e+00
-6.295306044575731397e-01
-2.965180546954431229e+00
2.342419729729908973e+00
6.300216379136402090e+00
6.421617561563048859e-01
3.281373874539717406e+00
1.910360774270750683e+00
-4.329437194344150974e+00
9.325256171424710638e-01
-1.376536220092461793e+00
-2.287047300722486298e+00
-2.817429948657672156e+00
3.760527154003382222e+00
-1.656771552449221252e+00
8.589746477274820435e+00
3.268618927115556794e+00
1.833753037780512019e+00
4.572118110013977166e+00
-5.748544398530057720e+00
-1.655581715057998782e+00
6.205075425559721580e+00
1.037289250641697747e+00
1.046402967445924403e+01
8.898387294419558557e-01
-1.001318521620206248e+01
2.122186904571599086e+00
-1.370098134412167878e+00
3.030936282048702246e+00
1.070789723906851343e+01
-1.510378425947575654e+00
-5.785782740503759847e+00
1.418206341836057316e+00
3.755105100096378212e+00
6.200255871978129107e+00
1.637520513038993597e+00
6.859346291537059770e+00
5.189173255129539974e+00
2.716227837052571203e+00
6.898238639862023902e+00
3.825442748285214911e+00
7.588587232326727827e-01
-1.653014279253346985e-01
4.199862156862232965e+00
-6.861594425392613106e-01
1.773281002149537655e-01
9.485978219621387098e-01
4.289526032227884977e-01
1.065537563816551625e+01
-4.602587375548012005e+00
3.350108862536290921e+00
4.417776870934308597e+00
-5.814119684820906464e+00
-1.725364809168661751e+00
1.518723047441415286e+00
6.530050619050353333e+00
1.154556049532083861e+01
-6.391625671908268913e+00
7.760916326020700140e+00
-1.550894100506560180e+00
1.707855664230149895e+00
-6.469892864517515996e+00
-2.968855878504680357e-01
8.754233103926339910e-01
-1.474857482266782815e+00
-4.235903756971899803e+00
4.154042960311322141e-01
-3.464522644045821664e+00
3.609012266206095720e+00
-2.699872330247359287e+00
-4.554735000995047689e-01
2.713006858162613888e+00
-3.918104125002935589e+00
-5.474512778912562716e+00
-5.008381704789843791e-02
-1.919792528185700897e+00
-3.579280560440856629e+00
-3.963556424777583853e+00
5.664565167194448136e+00
2.319870815410148612e+00
-5.319762513485247979e+00
1.428833195522203781e+00
3.266602900905288820e+00
-1.312385531800129712e+01
1.590282552100235947e+00
3.939194722661299330e+00
-8.355727332347149261e-01
4.453168289198627505e+00
-1.353268174048897765e-01
-2.768307216326158393e+00
1.538067252654343076e+00
-3.759865126306480398e+00
1.160154944716748737e+01
-6.918459414549639197e-01
-5.793664616539385692e-01
1.394927659586152335e-01
-1.006915066830471872e+01
-2.156493213621848426e+00
5.632050323998136321e+00
6.617321773300606225e-01
-2.762168041747745217e+00
-8.561178024664895858e+00
5.099738233731486048e+00
1.857714769039293945e-01
8.380236019916628365e+00
1.845122888955458507e+00
-4.331130980932894836e+00
-2.003838879328727340e-02
5.967231810504372902e+00
2.907711367329752772e-01
-6.541396774221150956e+00
6.440915792162634546e+00
-1.222688411602622871e+01
-5.763011396923179319e+00
5.482190046530978300e+00
-3.765598946868582431e+00
1.116170745673874309e+00
4.650820538760563672e+00
2.138249118596257936e-01
-6.106842480487579827e+00
1.682422357131932777e+00
-4.232973573266588296e+00
-4.007388977156642440e+00
8.061424104627912257e-01
-4.721165988330977115e+00
-2.897617869833081450e+00
-3.616633114882039202e+00
-4.838891350575567962e+00
3.898702634421320035e+00
1.599958407277922434e-01
-6.687601499950588391e+00
-2.818985727447782086e+00
6.319953842646937048e+00
-2.677036730018109711e+00
-8.969319563695463682e-01
7.893829919455813915e+00
5.835465655236108384e-01
4.704371482813721195e-01
-3.101004191656512532e+00
4.587140560852691173e+00
-9.132001275350434710e+00
1.017532636937292878e+01
2.310381732539652955e+00
1.332139623225879976e+00
-1.262923432705573612e+00
-5.510362726452607163e+00
4.816926030404896864e+00
-1.199967188000273133e+00
-6.826977695635770615e+00
-3.408234055358747572e+00
6.905216042058403225e+00
1.827360580820638569e+00
-3.813882953307811796e+00
-4.972183813616133818e+00
6.292552448567491297e+00
-1.248110370267585534e-01
5.067914852799648706e+00
6.117255429452480797e+00
-4.592152018718054229e-01
-2.580463791676122498e-01
1.061827425927909241e+00
3.735274606247514839e+00
-4.855771804733793218e+00
1.736134654016908696e+00
5.477790409945841432e+00
9.734823640367181952e+00
-6.453174181566683210e+00
4.146525830538903001e+00
7.700353337122740172e+00
-1.412954259992119432e+00
-8.896915610963891385e-01
-2.900671518930407089e+00
2.987623667844506947e+00
-5.205685590661448536e-01
1.913643371559922368e+00
6.029702472893099241e-01
-6.260524349847937486e+00
1.335619524516813206e+00
1.822971451717209757e+00
-8.191463615708755697e+00
2.812737432268431759e-01
-2.335070175104440260e+00
-7.742350839305332855e+00
-3.411181245160524789e+00
2.370415844957360463e+00
2.344470128570739664e+00
-3.638258113049245068e+00
-1.006932079407425906e+00
2.662718721617336470e+00
-8.125008732903092890e-01
-1.085002066387016306e+01
9.169216649304596345e+00
6.940140507064809228e+00
-6.882376282496371012e+00
-5.289431165304409044e-02
9.161927688237924139e-01
-2.448245582869757797e+00
-5.893420791153656246e+00
2.410373243566558799e+00
5.266460287946072016e-01
6.032837274305452802e+00
-2.531548154555492758e+00
9.159544877940349883e-01
-2.639159247480588721e+00
4.713312918740911961e+00
-1.362879585326587595e+00
-3.351985986253414040e+00
-4.851910371258655097e+00
5.920139295451943839e-01
7.766186647803646537e+00
-3.186299166637154290e+00
3.998685324649209782e+00
-3.243342393002807800e+00
1.156543311114525796e+00
-6.875598486229243633e+00
-1.404550693438309183e+00
-5.888560869678871601e-01
-6.246823588020368412e+00
3.662515508483445981e+00
-2.530193367903731172e+00
-3.396951878883606391e+00
-1.966268904313531518e+00
-1.037902392775797988e+00
-7.939715480291504868e+00
7.309274287231287914e+00
-3.536726285781229162e+00
-7.662797098588099765e+00
6.781510023444827340e+00
-3.418700596823818216e+00
-1.480699966866203754e+00
-7.435149579433677526e-03
-3.322413710296218348e+00
1.718949868688361970e+00
-6.555398158455178148e+00
9.003562762356183413e-02
-2.226473949985046996e+00
-2.325886449462531758e+00
-4.233071351019590978e+00
-3.209779488840220463e+00
-6.933318734014975782e+00
-1.575158910060641348e+00
-2.401718188055809833e+00
-9.663850716514815753e-01
2.184909835642414144e+00
1.028908449540662629e+00
1.135935979126527773e+00
-8.686090731316250313e+00
3.211363409529814916e+00
-5.123147797460227970e-01
-1.060654054616221487e+01
2.884286151084460403e+00
7.444525583671771862e+00
-2.530060616233478221e+00
4.396269343146147257e+00
-5.882117611482902131e-01
4.583852721701865640e+00
-1.612395574528016295e+00
-7.227864616275341270e+00
-1.106455666818822792e+01
-3.429232218760640105e+00
-1.059805919683959097e+00
6.175629767317099006e-01
-4.332383132422742200e+00
-1.360305066388479034e+00
-1.019760609509007043e+00
-8.196303279536987674e+00
-8.123980603129730582e+00
9.331058083236467127e+00
-3.213397223901284794e-01
-1.609054367339610270e+00
-7.862124153175552799e+00
2.387794450422751555e-02
3.533696132600552708e+00
-2.657416974972322432e+00
-5.114046766150630585e-01
-1.141420847180260933e+00
-4.242700572185952090e+00
-2.153485664774601016e+00
-3.144271046021023697e+00
5.869381488890500265e+00
7.195212349708899335e-01
-1.409283754059567295e+00
-3.127706016768030839e+00
9.812865397490646568e-01
1.457483947504829291e-01
-2.135881417706647412e+00
-1.223222199515948283e+01
-4.001952802793128150e+00
-2.507826360728707904e+00
-1.936804433796656788e+00
3.709569423203871619e+00
-4.363202204096331194e+00
-3.357033060203062469e+00
1.461809983870038021e+00
-3.532039087687516066e+00
-7.574036673567058342e-01
8.633822303917442653e+00
-2.185019316066906025e+00
7.350681038410247226e+00
5.248041027981767748e+00
-2.976862534059483423e+00
4.692016204819823955e+00
1.317044141553702419e+00
4.940042880209009724e+00
9.271664206262130392e+00
-4.425182424977883500e+00
1.001379906879243498e+00
-4.436024050211582193e+00
1.992111279028645932e+00
2.973795090900547278e-01
1.033634318326368318e+00
8.565853119804021532e+00
6.014742270799634305e+00
3.921810850631141321e+00
2.932456993786706878e+00
-1.037332952892536575e+01
5.882364990039155472e+00
-2.722369671568606542e+00
2.500603914268070049e+00
-1.483747318820616834e-01
-3.225883141413274480e+00
2.056423667656996024e+00
-3.547347772354524587e+00
-2.767955332774088895e+00
7.087483701094637212e+00
1.618421008592532129e+00
-9.511858828400164612e+00
-3.316029854933616683e+00
1.658767854270135622e-01
-8.086691068597454901e+00
3.614813667237549044e+00
1.557039761371764031e-01
-3.453678144057941601e+00
-1.206328649609885062e+00
1.307320864596997145e+00
4.081358294770641493e+00
3.976136197078250945e+00
-7.456661944735105685e-01
5.000595132734170001e+00
-1.199965433660785896e+00
-3.664297621242027514e+00
-2.682463955935598499e+00
-4.917153662033329375e+00
-6.445201788707993762e-01
-4.339552427706053983e+00
-8.488897401337966997e+00
7.040473541214159248e+00
4.678631241804436236e-01
4.217692092066553933e+00
1.634403680284006954e+00
-3.754100538120542785e-01
-7.795016951036187081e+00
-9.315741236183550100e+00
3.751330882142694279e+00
6.413562002173690324e+00
-1.924223967678636571e+00
7.225348973173773892e+00
2.621843416125582138e+00
1.333923313453743376e+01
5.596112821495767553e-02
1.406856178592057471e+00
3.976558861722680582e+00
1.373821152929859846e+00
1.416703132456802461e+00
-2.900237559936156284e+00
-3.126049429895061849e+00
4.925657731220794422e-01
-2.617371180570309264e+00
5.514238648733033266e+00
-1.102199688904358332e+01
-5.742461818797055528e+00
-6.638402639460081467e+00
5.426623581759546511e-01
3.912467410904533871e+00
3.991309272249852658e+00
-1.377724136739907124e+00
1.083963875501550156e+00
1.479951108389608860e+00
6.971080990599496374e+00
-1.154973177892580694e+00
6.632210158871005845e+00
8.182999069042395490e+00
3.211409942258150352e+00
-5.266335773783855423e+00
9.892769173489568857e+00
1.842713883559160548e+00
1.126938825611066175e+00
6.628953696153773167e-01
-1.795645230540390713e+00
-8.104564697880405344e-01
2.538840943956876650e+00
-5.461745671504768751e+00
-3.539523624186540207e+00
-5.803275721356242478e+00
-5.242380463557053893e+00
6.273126449097214063e+00
1.026338797878535480e+01
4.420453566696213699e+00
8.512165233756076033e-01
-5.884524057450384316e-01
6.950085299320778454e+00
2.973041867684697026e-01
1.333188215374228491e+00
-4.536812035306476254e+00
3.884479599026458008e-01
3.402796330733261598e+00
1.737862529399096578e+00
1.391717436109633610e+00
-8.169069349520178491e+00
-2.960007354028520332e+00
-1.668676282783539300e+00
-1.481141968368071105e+00
9.091369352431727391e-01
-2.821366372677975409e+00
1.163599533080263426e-01
1.147926660686074962e+00
-1.389923614366572524e+00
-4.345936102587555361e+00
4.211484825701134582e+00
-1.295960540663050775e+00
-4.091439146037758601e-01
2.866366452497879802e+00
2.851779891187570914e+00
-5.823997339049386213e+00
-5.454346384692474459e+00
-3.116827013423812964e+00
7.912234900542087779e+00
-5.034756588782491882e-01
8.021971999572159007e+00
-5.743808975707953124e+00
2.239045914846480745e+00
1.368392259188611071e+00
9.790425072817474650e-01
6.515090234588881479e+00
-5.672329122190808981e+00
1.884965836517598081e+00
-2.839744736482981757e+00
-2.049072595717964962e+00
-2.737122655277644423e+00
-4.736520089516952581e+00
2.052270598449310590e+00
-8.293072107019836992e+00
-3.596009851492067533e+00
-5.937457489771852615e+00
-3.715051055181140427e+00
2.176371633909278014e+00
3.039323622734017682e+00
1.085837836300747039e+00
6.357076159734624810e-01
-1.087135313303154494e+00
8.009423700020374071e+00
7.106619588260267406e+00
1.087770893062559807e+00
-4.056457097121517918e+00
-1.314816678670485128e+00
1.187401394391464970e+00
3.046026643961605274e+00
7.097531187701150657e+00
3.799619795607152017e+00
-5.898961631640915471e+00
5.318621326524094250e+00
-2.369190034187166560e+00
1.967434680561389815e+00
-4.028304521778044212e+00
3.942167091862388340e+00
-2.455221515723044590e+00
1.102622811535391278e+01
2.552521765668108067e+00
6.398086076859646809e+00
2.973816908281350813e+00
5.948456193683149262e-01
-8.640965483145420123e+00
-8.620819384351161574e+00
-1.120460415862425396e+00
-1.197907485624735563e-01
8.838577276236460278e+00
-5.253524435840248863e-01
-2.246485571477995880e+00
-7.749461064267349819e+00
-5.275370920596786029e+00
-1.157563728142408266e+01
-1.963130122909512165e+00
2.912353808282536871e+00
-1.699393065265889735e+00
-2.451267717411878433e+00
-3.647149221383918061e+00
-1.023136281538343617e+01
-2.937649966516046263e+00
-4.020374438022983554e+00
3.770201791302708827e+00
-3.965693527498292958e+00
4.497709938559734333e+00
-3.372091888396210102e+00
-1.084258552823729627e+00
6.709182246779496595e+00
-6.140977441981199103e-01
-2.842599622500423973e+00
-6.646650546567016704e+00
-5.862666563306322409e-01
3.441361961642494194e+00
1.045961651946943016e+00
-8.189150004918513304e+00
3.607906350646992166e+00
7.640345966971180403e+00
2.139098636062046310e+00
8.512334265986044812e+00
-4.642276563509063259e+00
-1.240331405916064389e+00
-1.173655374734815737e+01
-8.279762124636329546e-01
5.386624378106350974e+00
-2.852010925898293081e+00
7.483075775183756662e+00
-7.001287673342883267e+00
-4.708047729371891421e+00
3.078449433705150007e+00
-6.143643733453019173e+00
-2.028414046944916116e+00
2.021482604593766830e+00
-2.716264833918746735e+00
-8.593273879946245586e+00
1.537692088448294525e+00
-3.524221775905588938e+00
-2.663032378616065454e+00
1.835934203305109036e-01
5.580260450807551287e+00
-1.713712851719941588e+00
3.568343058716383354e+00
1.846321853007764524e+00
-5.752333009587450086e+00
5.173751308579892516e+00
-6.074432588433273494e+00
2.164253534765962161e+00
-4.842198862509189183e+00
2.289123831436656431e+00
1.370512608333272375e+00
-3.267952373240539554e+00
6.302608423203012400e+00
-1.279758939130438700e+00
1.078286300231875039e+01
3.690740552502333571e+00
2.401526656819484629e+00
1.602000640898975981e+00
7.176355054961893742e-01
-1.724064232593323087e+00
2.801825427743768415e+00
3.663338459223252075e-01
4.443024932297251262e+00
2.617950725856380778e+00
-8.151997680919004452e+00
-6.558211938472034319e+00
-4.687299020530931060e+00
-2.401151334060264375e+00
-1.561602118980090825e+00
-4.750054038889950925e-01
6.199472992463693766e-01
-3.680781171791193351e+00
-4.270344724200803910e+00
1.648349260657178572e+00
-8.532362047786068437e-02
-2.729943090860553312e+00
6.433305199553692511e+00
1.617395441614484786e-01
8.793864084524660285e+00
8.645036407752791918e-01
6.048220888063301492e-01
1.089266514816879017e+01
-7.717272362821157472e+00
5.037568524117607360e+00
3.333668854465389852e+00
2.940210452909228778e+00
-5.281244878685059874e+00
-7.909824219499673736e-01
-8.850585424091867992e-01
-1.131267633072142509e+01
-1.707207775522072701e+00
3.580205447946676611e-01
2.449554165290477759e+00
7.260746519841057012e-01
3.734259434507770870e+00
2.024930769033981726e+00
-2.462943826390225688e+00
-8.678167486583756585e+00
5.068643280834335130e+00
-6.914667389528075248e-01
-9.517134047071786895e-01
-4.790462656629504323e+00
-4.041837615332619649e+00
7.663271027459403584e+00
-4.302755895533859842e+00
2.418178477165498830e+00
5.309909299435270569e+00
-2.869374080185834064e+00
-6.369277325024237157e+00
1.624674157794138707e-01
1.263501063682575065e+01
1.848262570829492191e+00
7.578336061685956082e+00
-2.961135014346801153e+00
-5.076433283172829825e+00
4.721037712634525985e-01
-6.156042499160171211e+00
-1.162603381443649653e+01
-8.527690244305939915e-01
-2.857284639721775044e+00
6.510037315185186746e-02
7.599498950456027302e+00
-5.615724496102255436e+00
-5.403358851065053203e-01
-2.176485952064714624e+00
-2.746179251643355634e+00
7.084489384541365453e+00
-4.018217297004523125e+00
-2.283321159908580089e+00
4.482929261031242341e+00
2.619210344508263510e+00
-4.821486557752464819e+00
-1.008066788439632600e+00
4.293118666687791851e+00
2.833859325748459668e+00
3.837974799741554754e+00
-1.007825310995701784e+01
-9.307730582248762152e-01
-1.647994335427823032e+00
3.329290591460964066e+00
1.852143391161957586e+00
-1.259866222652598289e+01
-1.945258596181740129e+00
-6.029332676565629434e+00
-2.467288847725600753e+00
3.115026371824017204e+00
-2.103397797839870353e+00
-5.142702546647810458e+00
-4.465243251301407312e+00
-1.624636764434499003e+00
2.846035264628908212e+00
2.167957124621041842e+00
-2.702523637762511477e+00
5.610797651460392110e+00
-3.998143323410506156e+00
-5.625753894888180007e+00
-3.596814590669898060e+00
7.803215932057083748e+00
5.778105279781462489e-01
-1.736652666264402178e+00
2.002906374329430417e+00
3.734980674334349438e+00
-2.005141272105527950e+00
2.055416732102889110e+00
-8.022138993166592513e+00
-7.499326772719045131e+00
5.733888766964033934e+00
8.590808636036140200e+00
1.774012080179523165e+00
-5.118739705708835741e-01
-9.047179751514828894e+00
2.452689215189376881e+00
4.583737771827133933e+00
-4.946835243138770544e+00
5.438437841590756605e+00
3.764976795753895544e+00
5.959528944510765758e-01
5.759572563368331899e+00
-3.251501712258539900e-01
1.851214945274741952e+00
-8.369906222257974093e+00
4.963251651351491267e-01
2.835429658473765713e+00
4.380172536851313581e+00
-2.017544578391223364e+00
-2.770465347630990838e+00
1.719167914314000400e+00
-2.463941458090264547e+00
-6.832463580626165545e+00
-4.742462476082323630e-01
-8.370035694188329600e+00
-6.366715346710503987e+00
-8.503888435934150891e+00
-7.371692199023279102e+00
-4.778676052450390621e+00
1.051383601369308751e+00
2.895531568458811655e+00
-5.056337816235170202e+00
-7.325909236067239760e+00
-6.912382831215079015e+00
-4.622578100050822592e+00
6.246841128719490044e+00
-4.040875211142100909e-01
3.854904604999202622e+00
1.408332165674617720e+00
-3.312084710618724337e+00
1.943982105547965578e+00
6.173285333701029609e-01
-1.485073386885525037e+00
1.456471085627087048e+00
-8.322837683383234264e+00
2.924554157181816549e+00
-4.517334678580413154e+00
1.620446215083973796e+00
4.090060610551767617e+00
-4.502118829989466775e+00
-1.173838120442572475e+01
9.702750164890371565e+00
-1.764643256422773199e+00
-1.653925899506521358e+00
-3.417919487484313734e+00
2.318773883885407283e+00
-7.903873602770875806e+00
-5.351122312136133985e+00
-1.071560014175543030e+00
2.823831218757027361e+00
-3.271112763408779434e-01
7.063957256189000944e+00
-7.527815499194721482e+00
2.446259018294385967e+00
9.114376763165680018e+00
-4.317350799958389551e+00
-4.833255373155557422e+00
1.738177850176272132e+00
6.910636291625682048e+00
-2.427931158543045864e+00
-1.151936440964502140e+01
-1.489154919800390608e+00
-5.848264981660827644e+00
-3.687894436148515087e+00
8.024951213151767959e+00
1.128383490515608295e-01
4.700114421181002200e+00
4.427206041899637512e+00
7.032100864333729717e+00
-4.055655075155616629e+00
3.266730863082219383e+00
-1.676860693266471136e+00
-9.816595311916703537e+00
3.959007247437283272e+00
6.187416751464565046e+00
3.429314765252419850e+00
1.773428598012043667e+00
-3.290804850670934645e+00
3.170281682273106583e+00
-4.168906537079778651e+00
-3.274255996414546122e+00
-1.625105521307620426e+00
-7.251979845353201171e+00
1.047955517623955890e+00
-3.051613570324050340e+00
7.560084354229977821e-01
-4.332763086681802100e+00
-4.975905921172371293e+00
6.560357077144772786e-01
-1.479313176911178918e+00
4.379374368699965103e+00
-3.523112812749665146e+00
-5.849439962806768367e-01
-9.188062066723549748e+00
-6.858867156099416107e+00
4.453066114680959586e+00
1.159371409198544978e+00
-1.728160776257387843e+00
-1.738836527705530877e+00
-2.844520013901238986e+00
3.410716316552489857e+00
2.294214647626778181e+00
1.675628974805353777e-01
-4.650664166392275978e-01
-1.461881882275930744e+00
9.062897083837457402e+00
-1.703820955820988470e+00
-7.853722896149491817e+00
-9.316063590146409723e+00
-3.855926418423713642e+00
7.797789170030728023e+00
-1.060212464538932053e+01
-2.401211383249535647e+00
2.831845040374945111e+00
-5.709767083184326353e+00
6.991874132546898934e+00
4.857268491612584782e+00
2.167525488133552614e+00
-7.882745392224109970e+00
-1.293037837832984094e+00
3.407981226158813826e-01
-5.770995346043665819e+00
-4.958102524463753547e+00
-6.799771225059819457e+00
-1.060435272540131102e+01
7.628226580629420273e-01
1.691800577768244329e+00
-1.068882393669230213e+00
-4.698501552950467008e+00
4.537480327678278691e+00
-1.701947187848352971e+00
-3.430001726761047198e+00
1.109345827846792421e-01
4.595274023728230794e-01
4.998926713260590932e-02
9.943036654989576562e-01
1.353490442496480872e+00
6.880894399409200446e+00
-1.584466175415676137e+00
-5.447522875667714093e-01
-2.441095006529912403e+00
-7.063934430131421638e-02
3.012945279659835052e+00
-1.222154248095501439e+00
4.389571573976944752e-01
-6.565915934884519523e+00
3.845998150508062596e-01
1.057649253268551748e+00
3.337433615154784761e+00
-1.076060059113544132e-01
-5.938695514196501435e+00
-1.155193269096749686e+00
3.253133457930661443e-01
-6.086035728295983382e+00
-2.671834755997525512e+00
-1.348269783175982006e+00
-5.926771383295673878e+00
1.106038516850074149e+00
6.220090290261602206e+00
-7.094933293893754822e+00
4.064117819667462328e+00
4.838640916843525375e+00
2.346534589952748551e+00
3.441913694789448641e+00
-9.767145620177448972e-02
-3.289629657810603902e+00
-2.284029152627873316e+00
4.612443439567297521e-01
-7.770664432257192722e+00
-5.870404817100943973e+00
1.050908987650979576e+01
-7.015452023039907585e-05
1.883111560933569129e+00
-1.620363288701023752e+00
1.441658320660865522e+00
-1.746573627684584393e-02
-8.385637346085998090e+00
-2.274517326375488757e+00
3.421459931024096512e+00
-4.845955503450940505e+00
1.393155475572153357e+00
-5.844260317568346075e+00
-6.713984385710731750e+00
4.109068230680633427e+00
1.276276759993246745e+00
6.163663227201530148e+00
2.520598792333448301e+00
-2.766240156381623905e+00
-5.879498061884883553e-01
-7.474938048944364866e+00
-1.857324343997711069e-01
1.350349322028116639e+00
1.295571621618835323e+01
-6.724799425348688686e+00
2.539462208661852571e+00
-2.489807009004143090e+00
-4.898615252912083662e+00
-5.234942021395017520e+00
-5.207583811784403938e-02
7.763523566018410982e+00
4.563566253006051454e+00
-4.463579411116215034e+00
8.525934012826004160e-01
9.258891906584588716e-01
-2.993048303504344698e+00
-2.749182025370515259e+00
2.123595383653396951e+00
-4.452388673046302259e+00
1.911533820757184698e-01
-3.646537962485387752e+00
-5.491120441705685806e+00
-1.147573093714725800e+01
-1.295093697718360470e+00
3.906054218828321822e+00
-6.225857835460695711e+00
-7.546628524610205169e+00
6.055583460920098915e+00
4.387274822798524987e+00
-4.611293394813806401e+00
-2.581280521343408907e+00
2.802095850608341543e+00
5.211387857740645835e+00
-4.041299033981168520e+00
-4.828021911160203850e+00
8.662847281629538765e-01
-3.236622722633183402e-01
9.388393827083220344e+00
-7.906360631622658452e+00
7.109101607263152545e+00
6.517555226475792551e+00
-4.462203716818086363e+00
2.268067163551002796e+00
-2.149970272408688210e+00
-1.776480134623490192e+00
3.927329307542884784e+00
4.860478938810643967e+00
-9.553357719273931181e+00
9.916197271636846722e+00
6.742077843749089361e+00
-7.059988722167961583e+00
1.841179936378403603e+00
2.124512463797364248e+00
-4.046861849161704328e+00
1.384464896362564978e-01
6.098383065733051778e-01
5.244831732160869286e+00
-6.203592588355210324e+00
-2.130440812414251539e+00
6.456951477576050813e+00
-3.929527846959313675e-01
-9.446498626625736250e+00
-2.928888961820658388e+00
-1.681216724156107345e+00
-1.832830193547676512e-01
-1.052482995069023763e+00
-5.045876837879188503e-01
-5.390439274366055855e+00
-1.323332747023373779e+00
5.647741713516170492e+00
7.253015886269774448e+00
-9.441974021080178359e-01
5.106173027071847059e+00
-9.005631878164246373e+00
-3.977048498659813802e+00
-3.633471760962338593e+00
1.034259759852507443e+01
3.620184996957338974e+00
-1.040342464887019425e+00
-6.652261768478296977e-01
-1.700184360013252238e+00
-4.661154537720485713e+00
5.904208548236400844e+00
-4.828386703998466700e+00
-1.168830423488181669e+00
-1.371834906989682912e+00
-1.415005415164209968e+00
-6.124159878015738023e-01
-1.258353197247202893e+01
-6.967091149739345290e+00
-1.161858227932855758e+00
-4.981118938459372814e+00
2.734600613629302401e+00
-7.924064644219738440e+00
2.420081076308713830e-01
-5.714376189877067302e-01
4.966013468457022739e+00
2.690648849131783704e-01
9.012581917277827870e+00
-6.758142373650884771e+00
-4.329290442596690269e+00
1.710078363404706980e+00
3.910027871817222778e+00
-3.429243850600854238e+00
-2.091367404726917290e+00
