-3.160937935090666340e-01
-5.992250421814581784e+00
-4.395181797371273902e+00
-5.145871321733361953e-02
-5.585271356190394165e+00
-6.590035622983751118e+00
-7.382791602221332461e-01
1.424418312602347136e-01
-3.001548798495070169e+00
-9.456899443374835457e+00
5.654931659693723134e+00
5.745773621554778110e+00
-2.271379933536223472e+00
-4.487060198917140141e+00
-4.097639408486443813e+00
2.797581139744167888e+00
-8.463790283184047247e-01
1.167241993068302452e+00
-1.972516744779119202e+00
2.848003076746455253e+00
-2.347300168053461533e+00
6.622484987201692208e-01
-2.278011502149802858e+00
-6.899000091263719270e+00
6.785675722273731836e-01
7.552725887764498935e+00
-1.593050710132662084e+00
-4.074096022147513985e+00
3.514823847129029399e+00
-3.597234525675979011e+00
-1.552889233962143400e+00
-6.582571925788599287e+00
-3.259910904251880126e+00
1.974195883991558320e+00
2.834795103435039820e+00
3.902543804970809993e-01
5.105184640668837481e+00
6.293088090391335321e+00
5.321903171301443081e+00
-1.423451247432079514e+00
-1.640278894208873961e+00
-1.940579840358202857e+00
-1.131547138951658482e+00
-3.940588993784852057e-01
-2.766123279694686410e+00
3.060088180970788940e+00
-3.412112179699532177e+00
1.441127547053504321e+00
-6.306693603997837627e+00
1.666763549442431547e+00
-7.472913161582440011e+00
-6.619894530893681850e-01
9.304616639480339790e-01
1.725535604564486292e+00
3.241013112574795407e+00
-3.088481789816285072e+00
3.317620854279701437e+00
5.586054620418789973e+00
-2.664099881835749084e+00
6.595194895309102634e+00
-2.390639339614673897e+00
-2.772233493509634883e-01
1.367245031852205361e+00
1.878172620940320448e+00
1.102853507678011269e+01
6.507240729344351493e+00
5.336786181880571966e+00
-3.170586562145221610e+00
-1.870658289902030758e+00
-6.175111692832810917e-01
8.544462284968194155e+00
7.911706702178959105e+00
-1.471686516663032185e+00
-2.243076992332709629e+00
4.781769052352672356e-01
6.240736126266787309e+00
-1.177514753025479033e+00
-6.338945502015583600e+00
-5.205951139866302313e+00
7.089576704337485769e-01
5.096709828284784471e+00
4.100476624538278436e+00
8.155614338766246085e-01
4.136286545668496073e-01
6.127172323122820785e+00
6.054818868306023560e+00
-4.467577824913503970e-01
-4.907821648986949170e-01
2.248793624263107915e+00
-9.065174697701248618e+00
1.514889930419393238e+01
-1.282137662313625137e+00
-5.459502706275350725e+00
1.285230842575276533e+00
-6.977524932756853371e-01
-2.611457186934936114e+00
7.455455427068348406e+00
-4.041666187017789902e+00
5.130030268833252194e+00
4.742647062002106395e+00
-6.467068002196574295e-01
-1.364783808648643060e+01
1.932507049742770544e+00
-7.510848513527584203e+00
-5.905514602187498241e+00
-1.970148818249698675e+00
1.441466088985852423e+01
-2.209163032793411752e+00
3.421051381049399431e+00
3.190203049688682402e+00
5.275617962211876844e+00
-4.611492436206488854e+00
7.797935236387660840e-01
9.730842686675451603e+00
-4.064523767965887657e+00
3.521383328774833288e+00
-2.970639620571897677e+00
4.378133477590012923e+00
5.955097913162105350e+00
-7.668694852761341885e+00
4.732935690796789885e+00
-4.043574814043320309e+00
-4.348163679705492335e-01
1.111926989795277709e+00
-6.865262149225948463e+00
2.825922729051287163e+00
5.967001718500977159e-01
5.043711565134900709e-02
2.950226985960516801e-01
-5.383665481917542239e-01
-5.397108387182843359e+00
-6.173825516986960693e+00
-6.947310834292892423e+00
5.202915701323657771e+00
3.141081198688850495e+00
-3.287863218934915288e+00
-1.283682548261437795e+01
4.505763706811896974e+00
-1.907043717034344388e+00
-2.253759124846108186e+00
-2.199658694826060135e+00
1.096778127677634274e+00
6.887158067961514085e+00
1.175758586044182374e+00
-6.853013360850130908e+00
2.105154029095233525e+00
7.654908169458449763e+00
-4.341217298751632869e-01
-4.938117611781922989e+00
-3.322081312293394095e+00
6.214743410445936256e+00
4.642967845022491602e+00
-2.149536149734432300e+00
3.215635406229472970e+00
-6.154856834965791279e+00
3.501255363593513970e+00
-1.297397861446209077e+01
7.883270188461394268e-01
3.760049514665517290e+00
-1.723725397019386874e+00
-3.979498513234251966e+00
-3.007735815884171160e+00
-5.398096129037189606e+00
-2.760917807462222040e+00
-1.212017825518605374e+00
2.856265704420529516e+00
2.556516884094589770e+00
2.369138577615273467e-02
-2.722272072007238641e+00
1.231896243044461770e+00
-2.976264409088617668e+00
4.218699217433140802e+00
8.553667087824992521e+00
-4.571843473081449005e+00
2.047887650819236072e+00
6.643611214419046007e+00
-7.159216021869757363e+00
1.385537042415964315e+00
9.577063059086637908e-01
-5.880431447460044758e+00
9.503056792337510217e+00
-1.060933600196703575e+00
4.105825872536478016e+00
-1.065986323744793118e+01
9.537768843020534959e+00
-4.211385150117037846e+00
2.941130946169529636e+00
1.490525016225145105e+00
-4.765168239982467746e+00
3.746005024227391011e+00
9.856903798444649922e+00
-5.448896418711493439e+00
-4.970186729109053125e+00
-5.946739303460745418e+00
-4.008435070533368894e+00
-8.765322757032585343e-01
-3.600171961641414065e+00
1.247383373130266149e+00
-4.141389313138244432e+00
-8.649132206729792660e-01
4.964138119245481984e-01
-1.460921398932810700e+00
-1.349373625240174457e+00
9.145166763077551053e+00
3.797969097795198534e-01
4.964625931958433824e+00
-1.684530586890279569e+00
-1.955434080546958553e+00
-6.630915842096390733e+00
2.665374867368042189e+00
-6.367027568576305363e+00
7.684528435908879018e+00
3.121913720585285379e+00
4.391340962455424268e+00
1.609931706861280898e-01
3.989055425306288427e+00
6.316417805844255495e-01
1.873047035004169247e+00
-6.961405411195435988e+00
-1.185549541784982841e+00
-5.688476931547333137e+00
-3.662329696665670653e+00
4.030593010054949410e+00
4.316995707392653481e-01
-2.405798933975210330e-01
1.761696132150445182e+00
1.119653846001836328e+01
5.761775083699949285e+00
1.501015863623249125e+00
5.006166897449086939e-01
-3.011399433335685827e-01
-2.397090521254515050e+00
1.192939272718151200e-01
-5.015571750909031401e+00
4.848065305931676505e+00
-8.067938389175939307e+00
1.696408564725714996e+00
9.178351736047533294e+00
-1.778720174059012171e+00
3.022784758784962555e+00
5.307904456346935973e+00
7.975925165769050196e+00
4.261496167651120714e+00
-1.635884100279602071e+00
1.017567531868564146e+01
-1.221176942687797640e+00
-9.985588455221618975e-01
-3.754023430675034412e+00
-3.891196174147721343e-01
1.014523876806148195e+00
1.675573476370519677e+00
2.537424122303544305e+00
1.082026006537845753e+00
-4.081522780792771421e+00
-7.957437465079287620e+00
2.932292969209127076e+00
-2.901681510565174094e+00
9.873315075713906097e+00
1.245364998704873605e+00
-1.354887940421887649e+00
-1.062268547706245236e+01
5.972332854119075662e-01
-1.887381418620438511e+00
-4.098770996292973479e+00
-3.205836053039976985e+00
7.677638330014289636e+00
-2.735791707460419886e+00
1.170655445165025288e+00
-5.044795640899916833e+00
-1.227975774413484711e+00
1.382857491437666120e+00
-9.902826728122791078e-01
-4.650349216169025190e+00
2.546863576115430128e+00
3.470738286356894076e+00
1.999078182483002397e+00
-1.146856417710977016e+00
3.591870918463666573e+00
1.784851646851355111e+00
-3.735554541842662224e-01
4.883920714091463999e+00
5.638968261126249271e-01
-6.433121881830522248e+00
5.249856312966529881e-01
-7.100552328429476034e+00
4.603913264569267305e+00
-9.535069675981745263e+00
3.453835757935694417e+00
1.093434291992925012e+01
-4.650848144360286263e+00
3.453017743364179104e+00
-1.143656397469042102e-01
1.393863806143383233e+00
-1.183935270141846935e-01
-1.477900041318188640e+00
7.470359385242359984e+00
-4.698781490647142789e+00
1.259732298986606880e+00
-9.259557251703746772e+00
4.144920681020566988e+00
1.562078625651768249e+00
-5.597186683995385437e+00
2.400269897696559518e+00
-1.220058472910742431e+00
-2.954254644110648087e+00
4.896799265772350251e-01
-3.771620703390399232e+00
-3.743590675496387021e+00
1.720241971317091556e+00
-2.812341417845622527e+00
-8.247618747910768988e+00
2.866851238911484856e+00
-4.438432554928534834e+00
8.069905556124186141e-01
1.607271082908841020e+00
-2.808777877817822954e+00
-3.051986668880504183e-01
4.049065851808792083e+00
4.127215385482277732e+00
4.568544187094640385e+00
-9.302623852279179317e-01
1.680135587505373174e+00
2.143291869079004819e+00
-2.699142520557813008e+00
3.176196310275029688e+00
7.930763957064907110e+00
5.844552740001278224e+00
-5.059537869172329394e+00
7.309921782397028167e+00
4.177290552430503290e+00
4.475497225708196858e+00
-2.195951582393680823e+00
3.611977642751761586e+00
5.042988111740608126e+00
2.006540072725056412e+00
1.540053612987668075e+00
3.056985629694788820e+00
-4.090199682448723451e+00
7.516012235343106695e+00
4.721718651194686700e+00
-3.103176467166258945e+00
2.555558103693089222e+00
-1.788951495308187312e+00
-4.711857338543823381e+00
1.645237483652636223e-01
-3.910459620594568531e-01
-4.197201346959307244e+00
9.597227340137632012e+00
-3.690933591860965812e+00
5.751232996193084368e+00
-3.124770021452480506e+00
-7.929233098465346963e+00
-3.479484448543201935e+00
-4.226363381741109482e-01
3.373349455281833276e+00
-9.904094737530670933e-01
-3.678378835330615271e+00
5.081984271485237237e+00
-7.358681978873478968e+00
3.206247565412423839e+00
-2.027461770712213340e+00
-7.380584878619864120e-02
9.107860943436921985e+00
6.361379095653212801e+00
6.529299346813438376e+00
-2.099225651968289696e+00
-5.264330243203401594e+00
1.133387519805106081e+01
4.162083003950353799e+00
7.012745695962024683e+00
-2.124127580442535468e+00
6.428919042787546445e-01
-7.501738457901085511e+00
1.571029622130426739e+00
-2.709271983717370880e+00
-5.713846804670088986e+00
-5.121390709609777936e+00
3.399488585996333523e+00
-1.198970463181318458e+01
4.043150260433444387e+00
-3.780420965926735821e+00
-1.191834025839051847e+00
-2.612518981555643549e+00
5.850264588772931873e+00
8.023419622106406024e+00
-4.260788471298241120e+00
-3.106876215052223777e+00
-6.684436937820516178e+00
-8.860138762707649107e+00
2.148764196742924515e+00
1.604417539953630678e+00
-2.633458907230959323e+00
6.545180245199613722e+00
7.650067239180939893e-01
9.020560462004634239e-01
8.957388608593467083e+00
-1.573882152916274757e+00
4.646800372432502435e+00
3.342807563629999201e+00
8.128820546372654832e+00
-2.443722750454129677e+00
-6.433795868926671657e-01
1.691766515584667063e+00
-1.702167285129776442e+00
9.220090082347170979e-02
1.201172987207254472e+01
1.500629260104298535e+00
-2.317769001256361427e+00
2.285588341850086191e+00
1.655206904359750819e+00
2.500989627162131246e+00
3.180101770935636729e+00
1.070336118496421740e+00
4.806707579134782193e+00
-2.866990675338767502e+00
-5.795691519833451544e+00
-9.757377695200730727e+00
-1.916041710231080275e+00
-1.305346634118142557e+00
-5.749664959870251835e+00
-2.823881162634692021e+00
7.727973683607096689e+00
3.385469872467574692e+00
-2.497059001725466132e+00
-6.873676998432239671e+00
8.353646582782106478e+00
-3.024172383769535219e-02
-2.863300752128819404e+00
-7.309161586162565838e-01
-6.493098202986137935e+00
-1.080925117032110805e+00
-4.344854408637276677e+00
-8.088520259306857696e+00
-2.634049368218954079e+00
3.826398536771407066e+00
8.100395417619619565e+00
5.399612899886705009e+00
1.308746709475435033e+00
-4.348020572617404156e+00
5.792123751476225824e-01
3.160836725330938846e-01
2.056663285894723803e+00
2.135018918052747683e+00
9.163029475997575446e+00
3.239193526416528801e+00
8.561975221103562683e-01
1.623553899974722103e+00
-3.310609049002834148e+00
-4.472488653253253510e+00
5.378537918179223887e+00
1.561647310424417068e+00
1.534148531120739900e+00
1.196344158438364280e+00
-6.529143761494281328e+00
-1.119088879957044202e+00
-3.489740243791288332e+00
1.693312140126622678e+00
-5.853473185589557204e+00
1.024745524176642775e+00
2.160140332788181183e+00
-3.607729246309264060e+00
2.945240149318361311e+00
5.493046253283957014e+00
1.112120255583868955e+00
3.367311603205400239e+00
-1.628339087116533523e+00
1.356368656368165393e+00
3.864530020496524276e+00
-5.871149494604239294e+00
-1.929438650610824535e+00
-4.315650586911128350e-01
-7.916591191186359566e+00
-4.344487985878346670e-02
2.227520057094737882e-01
3.975891575699313840e+00
-6.411293259663759514e+00
-4.023645526871819200e+00
-1.961637363216543140e+00
5.727883814333365464e+00
-3.098451908846284186e-01
-9.100707464504813160e+00
-1.018896280852704006e+00
5.617076876925731987e+00
1.153417410540633803e+01
-3.848476309710942012e-01
4.787018420584868039e+00
1.215616421032817307e+00
-9.223862580620798557e-01
4.253109648171438550e+00
-2.552855535561024958e+00
-6.858708488990238550e+00
-2.839463096173659995e+00
5.639128327010264563e+00
2.406695632213831537e+00
2.788251275763491854e+00
6.094073831565896882e+00
3.537938700080099252e+00
5.853592388712140604e+00
1.020025799232617381e+00
1.429888749787493252e+00
7.448770582298885889e-01
1.614437643370901121e+00
2.807698882056421485e+00
9.261845339028930368e+00
-1.066669757436638388e+00
-4.337611730514606911e+00
1.052506870555793483e+01
4.380946223977432719e-01
2.667907020320292588e+00
-2.945608471947742668e+00
6.800829196990534342e+00
5.593818121205500482e-01
9.190097522069143210e+00
3.942691687126036904e+00
3.674228147104869446e+00
-4.536563050438436662e+00
5.039956585839207026e-01
-8.072552919798059889e+00
4.433903856762272944e-01
-2.456860943511346207e+00
4.402345279927840416e+00
4.741396441431028563e+00
6.061395672874737350e+00
-4.824378028311703481e+00
-7.873064327219566394e+00
1.955130384023384682e+00
-4.249187840624669477e+00
4.622012207238737957e+00
3.907690002029200915e+00
-1.634509601418425717e+00
-3.481880191717725559e+00
2.164017100493030199e+00
-7.662839594606023041e+00
-3.240343147532187551e+00
-1.918185623325379341e+00
-1.002787914232779620e+01
-3.940559191483278934e+00
5.697615499694909103e-01
-3.892263965247457769e+00
-1.336604922172992715e+01
1.111633997314400091e+01
3.351965820588068468e+00
-3.820436835635976358e+00
-1.462238594765325805e+00
-6.896387923785921359e+00
1.117014262347069964e-01
-4.930261155083622171e+00
-8.247677188947600158e+00
1.175052254608862867e+01
1.737002584263468208e+00
-2.416112610815608797e+00
5.321480781470589783e+00
5.764529303515121272e-01
-3.109968452307810827e-01
8.890294096782015432e-01
-1.333300399918052648e+01
-8.779264343492315659e-02
-1.860092611195924617e+00
3.175322236209884075e+00
1.679684794740677001e+00
-2.819726374413923153e+00
3.834538908849074446e-01
-7.398350403397996322e-01
5.997768412579731034e+00
5.669480275639561029e+00
3.783916941417261093e+00
-9.441901170415583522e+00
-6.716773030714941584e+00
-3.169130804635726495e+00
2.617632933397349593e+00
-5.157013274587102458e+00
-1.096556920647491662e+00
7.727650175063028870e-01
1.804037822874769992e+00
7.195602612706998080e+00
-1.560337200043231842e+00
8.297493583911920823e+00
1.094803562527417951e+00
-1.424082180708786449e+00
3.122976144715731373e+00
4.347913869066577064e+00
1.941578590564004170e+00
-3.248873522384738255e+00
2.199421344756717467e+00
-8.294111835665251009e-01
-1.862200266792014558e+00
6.049472494946994683e-01
-1.495362041063872205e+01
-3.949732724905472558e-01
-4.985995245906871709e+00
4.114474239775502085e+00
-7.206493837641900768e+00
3.737388073670961486e+00
-2.260479870897805110e+00
-6.886520304137862425e+00
2.223013477919487890e+00
-2.308326990520106925e+00
1.275542665449988622e+00
-4.602591734732595974e+00
4.802787396529200947e+00
-1.110057011739640842e+01
6.292872348525323289e+00
3.718614304964766415e+00
-9.918039025522963348e-01
3.668962501910523422e+00
2.407045222177170984e+00
-9.069591887820495302e+00
6.607258688576375327e+00
-7.211123879168139794e-01
-3.531577972582602865e+00
-3.313531283603057709e+00
1.291806953799777347e+01
2.903275834947807166e+00
3.120691052305080593e+00
-6.444046946606440951e-01
9.271222777668691739e-01
2.209634403706716377e+00
4.262199188144493611e+00
6.606874286560029397e+00
-2.678256028184462956e+00
8.227538399296872029e+00
-2.830836775206472922e+00
-2.609283799136873583e+00
-5.842246419872462404e+00
-3.188806591847849869e+00
-1.557598247515183720e+00
2.270559902641004157e+00
-2.610752538118775057e+00
-1.620686749541916383e+00
-1.059162258621038788e+01
2.617131620137501891e+00
6.598861320386571805e+00
1.326151497411247826e+00
5.052370643881926027e-01
-2.009018172170594863e+00
-8.229623388347116375e+00
9.356503077375400323e+00
7.852476544530986757e+00
-7.783216662227283589e-01
-4.634330492928457446e+00
1.376311515502107952e+00
-1.701776016503984357e+00
2.004043614625278025e+00
3.016600051155574391e+00
-3.991231907470591533e+00
3.620388753770360513e+00
9.702880636564712447e-01
-2.391924306759857455e+00
1.659255633163450039e+00
1.795570995850014562e+00
6.432928548254326362e-01
7.466680830392434132e+00
-7.658619465601748111e+00
-5.414044398383278889e+00
1.124206232631419278e+00
1.791156195121702321e+00
8.118986084696912187e+00
1.049537680555652841e+01
-1.956396709924083988e+00
-2.589450108872249245e+00
4.096044999984197688e+00
5.888659679111146517e+00
6.931222435408322669e-02
-6.354406831299743708e+00
2.834445953081936143e+00
-2.410708820170196276e+00
1.157152334726047727e+00
-4.823252702559649441e-01
-2.932265657264237824e+00
-7.484708766562510718e+00
-4.163551398086465127e+00
-4.953670583347350664e+00
3.694761003895817630e+00
-2.899973321992252995e+00
-1.335731684364891980e-01
9.516307456317314006e+00
2.294063790763897076e-02
1.321950188631740630e+00
-5.401383434455162558e+00
-1.208373495996877267e+00
-1.078964127084271141e+01
-2.250332435589016633e+00
3.952341400563154750e+00
-4.067665948381161911e+00
-3.999549740585370827e+00
6.051656269644334785e+00
-3.069317452585618167e+00
-1.826773552713590210e+00
-8.898433577719273568e-01
-1.844519626111928101e+00
4.751318740036831190e-01
7.604728915466366423e+00
-2.255315211980439827e+00
-8.869872558089449299e+00
1.857712830384375735e+00
-6.163114109175836575e+00
-3.507426020138128209e+00
4.397739783487227605e+00
1.313672014605964122e+01
6.074127731574012756e+00
1.573758920442244857e+00
5.513158835636175148e+00
-2.892982261827355961e-01
5.405536388778498846e+00
-2.364699256245823999e+00
-7.054864383388658178e-01
1.226366998682228271e+01
2.570260270436779404e-01
5.204173196903795429e+00
9.834578746405188143e-01
-4.147936099863477111e+00
3.683748690534267567e-01
1.234493347139756225e-01
1.207171214010981597e+00
-5.563203160384646573e+00
2.788002787289580731e+00
1.599910830323590716e+00
-3.492053332904944130e-01
5.703005831486279931e+00
6.042680386248817648e+00
4.274358611983531731e+00
-4.428872823044417650e+00
8.357885224865308160e+00
3.031088269597743690e+00
-7.578907919921707759e+00
-4.021826452487216486e+00
8.320341995176587346e+00
-4.622811723833326614e-01
-5.324392767804089210e+00
1.202138736355037274e+01
-5.688250540421319279e+00
-4.099106048207787012e+00
-3.830199028930198590e+00
4.228151167086610096e-01
-2.043905480017751852e+00
-4.501628585846704667e+00
-1.235048439613010807e+00
3.948500785026952897e+00
3.351094938292423109e+00
3.729873276514737768e+00
4.511614828421617318e+00
9.472753506840618787e-01
3.773529153367514988e-02
1.292646142100836393e+00
-3.234647214927282022e+00
-2.869398474800851417e+00
-3.843972598686302256e+00
4.184768940210776833e-01
-1.416367114178939124e+00
-7.619620189679037203e-01
9.833771397838740214e+00
-4.882322848987548092e-01
-4.259621935211475474e+00
-6.065772417122988536e+00
-3.021138213892484270e+00
-8.432199195064218333e-01
-2.642093513971075058e+00
5.886297535541824555e-01
6.221605204996336624e+00
-7.031064981625951837e-01
3.504510125208689431e+00
-1.112384736107990157e+01
-5.789123584375147402e+00
1.116444883484176004e-01
-4.006925686358424166e+00
3.240905794674454832e+00
6.224741378972399319e-01
-7.792666957989030863e+00
6.386601415125788606e+00
-1.124244652371647035e+01
3.017741011417574448e+00
3.606618643460152818e+00
5.229834060398253825e+00
-7.831442026851554772e+00
-4.716322761075272929e+00
-4.854809788267015591e+00
-4.635439389886768069e+00
1.091517544631944947e+00
3.373587632794517788e+00
-3.464453750244159913e+00
-7.039519833139475047e+00
2.860290871820620584e+00
1.962302853789749779e+00
-3.407804361844296026e-01
-9.223575378687264958e+00
-6.394273170329540790e+00
-1.512762278363144475e+00
-2.391373572801966496e+00
2.080779949310743060e+00
-6.181854090125819212e+00
-1.004537428774353636e+01
9.110149067194161177e+00
3.980894151338717712e+00
-1.551820594867170611e+00
7.499650158630520591e-02
3.230797884299194234e+00
2.031506164847481088e-02
7.664609896536282996e-01
4.440482826352194934e+00
2.873725514241288082e+00
1.130637030752524019e+01
-6.913180130622604835e+00
2.167954103040104830e+00
-4.877366702727657710e+00
-4.072260726146902599e+00
4.458219799306756492e+00
-5.081930742119929789e+00
-4.159825721757264283e+00
7.700832163304703215e+00
4.572167160857560475e+00
-5.706503471299138930e+00
7.503481231329263146e-01
-5.599729268251337544e+00
2.633794965891140261e-01
9.523762822139866913e+00
-1.184918952812028248e-01
5.112434450403458897e+00
1.600115077619788329e+00
2.618988934061655005e+00
5.347607930826270284e+00
6.217078378607887146e+00
9.328881724060484881e-01
1.638803905373221736e+00
5.202421580113563149e-01
-4.497378469869424578e+00
1.416890128513641267e+00
-3.059221698844953874e+00
3.870173123604756960e+00
-3.087344636854036484e+00
-7.422784073547800787e+00
5.299005193243377931e+00
-7.413439321404897697e+00
4.726389018162358013e+00
4.529897823334549045e+00
-4.090891775462179164e-02
-1.332651920346263452e+00
6.489223635265041423e+00
4.519275835840747213e+00
6.490383128000910551e-01
9.159413520580355073e-01
-4.089088998861032387e+00
-1.390880568124375394e+01
-1.648118082680060104e+00
1.160858716731921980e+00
-2.817228451060878047e+00
-8.123768619797191448e+00
-2.550357045068294859e+00
5.274667321950420096e+00
-2.456131584588443051e+00
-6.069355888146946043e+00
9.890362238202081713e-01
-4.533678481004041139e+00
2.944641557212339666e+00
-4.689588819958440347e+00
-3.177928610098291085e+00
2.552333681823832467e+00
8.809556609895029311e+00
-5.500512673399597041e+00
-1.443520998650321463e+00
-1.736774403870989247e-01
7.220028184499661883e+00
1.580519131858972237e+01
9.754576457810181012e+00
-1.444311572162997548e+00
5.571355502303559248e+00
-4.774385866473899398e+00
5.331241796011134682e+00
-9.220620924553919906e+00
-5.362295669876631976e+00
-3.243159336905053536e+00
-7.324717782670291388e-01
-1.617417664436694213e+00
1.293679123270039533e+00
2.096963289306688960e+00
-1.020320409661440664e+00
7.930481172855791350e+00
-1.121165098355882606e+01
-4.092392437358197910e+00
-3.059057536439703906e+00
-9.383764977357121895e-01
5.388214291566216119e+00
-3.842380341846042935e+00
-5.554614059808187676e+00
-3.445248926425519831e-01
-8.808163666882363074e+00
1.870048843546626038e+00
-5.269066927208260864e+00
-6.080624873924764806e+00
2.124734947942715557e+00
4.718762698460627014e+00
-9.979536019793776802e+00
-6.837817183330212600e+00
4.273919602000050277e-01
7.443288454009261423e-02
6.227144152686278078e-01
-6.977385360208428366e+00
-3.062505817485840609e+00
6.983921423581491705e-01
1.292889953933514136e+00
-3.363107965980413283e+00
7.424438575974321441e-01
6.344095302803670400e+00
-1.264459877126480114e+00
-2.556650160407457406e+00
5.511817260434997756e+00
2.910047489553252653e+00
-8.055800519055602571e-01
-1.298945250523288131e+01
5.929628485028579643e-01
-6.183333681377829905e+00
-1.141164127093003344e+01
3.628052026825005605e+00
6.496422695147025195e+00
1.101101226613734241e+01
-4.270466098554075440e-01
5.227705920614448942e+00
1.140624474714816872e+00
3.256451573284652845e+00
-4.447380337111250803e-01
-1.017175671448759822e+01
6.331193306476906812e+00
5.202679389709201629e+00
-1.893613250429631245e+00
-7.762728340075919498e+00
1.158128610239710099e+01
-3.187174908527703021e+00
-3.372920662494069965e+00
-7.023294510550071479e+00
-2.088627029428913318e+00
-4.496599645420459090e+00
1.459722796255646937e+00
1.062455145035203152e+01
5.053981924336921949e+00
4.338241110042294402e+00
2.598997321913310898e+00
-4.516983977602913924e+00
-4.596055778104796374e+00
3.655362054296888541e+00
7.183558656524646757e-01
-3.599808667637701021e+00
3.068969009760343702e+00
2.052350936795647840e+00
2.559433009337284570e+00
7.358478735664096604e+00
2.991125407343495191e+00
-3.798634066236365570e+00
-6.788679742895209479e+00
5.832255466586538262e+00
4.714802146854057519e+00
4.753937944080321998e+00
1.558175942138082803e-01
2.228549729840827887e+00
1.988624308564856669e-01
-2.852665577717523160e+00
5.667488621665856208e+00
2.508845116641017725e+00
-1.168328772444607422e+00
1.207024334003691912e+00
-5.650655602323920945e+00
3.508563772194877473e+00
-2.911157627651445701e+00
7.334933936476176974e+00
-4.428332570020707237e+00
3.307621521158981004e+00
5.417197077157469565e+00
-3.705165018090825324e+00
-7.486136944985260833e+00
3.027236072239671838e+00
-1.574978301826061911e+00
-6.003645304311269193e-01
6.292501630198893636e+00
2.491163474018262658e+00
-3.738234987319779101e+00
5.173812066722794256e+00
-7.803564287134472366e+00
-4.821579542007652930e-01
6.682285811788410967e+00
-1.721684242574177126e-01
6.440342281637368771e+00
-8.787736473947372895e-01
7.689257657504027677e+00
-3.095081812800867915e+00
-1.746487973921296621e+00
-2.183333075415123670e+00
8.656446953771139263e+00
5.930076677308880662e+00
4.309766645136927643e+00
6.425970607058831163e+00
2.823140682812983471e+00
-5.010928478288337651e+00
2.226377822205329871e+00
3.929328325998753701e+00
5.765077112613763433e+00
-8.143140933481536337e+00
4.584989220681814359e+00
4.630965530624516546e+00
-7.762678377315648248e+00
-3.907153816236721422e+00
2.712395360568364833e-01
-3.901737181364818063e+00
